ORACLE_N_GPU_LAYERS 99
ORACLE_USE_EXTRA_BUFTS 1
ORACLE_SYSTEM_INFO ROCm : NO_VMM = 1 | CPU : SSE3 = 1 | SSSE3 = 1 | AVX = 1 | AVX_VNNI = 1 | AVX2 = 1 | F16C = 1 | FMA = 1 | BMI2 = 1 | AVX512 = 1 | AVX512_VBMI = 1 | AVX512_VNNI = 1 | AVX512_BF16 = 1 | LLAMAFILE = 1 | OPENMP = 1 | REPACK = 1 | 
ORACLE_DEVICE 0 ROCm0 Radeon 8060S Graphics
ORACLE_DEVICE 1 CPU AMD RYZEN AI MAX+ 395 w/ Radeon 8060S
ORACLE_N_VOCAB 248320
ORACLE_ADD_BOS 0
ORACLE_EOS 248046
PROMPT_IDS 0 760 6511 3177 314 9338 369
GEN_IDS 0 11751 13 198 760 6511 3177 314 9564 369 19241 13 198 760 6511 3177 314 14898 369 21047 13 198 760 6511 3177 314 17163 369 23327 13 198 760 6511 3177 314 32208 369 77916 13 198 760 6511 3177 314 23655 369 44299 13 198
PROMPT_IDS 1 760 2250 5839 7736 513
GEN_IDS 1 2438 11 6105 11 321 13358 13 4081 7736 513 6306 5839 1521 781 4021 381 3354 539 25936 975 7736 3658 13 11746 11 781 513 1429 310 1791 660 975 7736 13 198 5844 11 6105 11 321 13358 513 279 5839 7736 1521 781 513
PROMPT_IDS 2 27336 85895 506 264 9039 314
GEN_IDS 2 220 16 15 15 29922 506 9117 2119 13 2332 4918 4644 19965 11 279 48161 1406 314 2919 40664 13 1690 3010 11 506 449 34669 314 220 20 11 15 15 15 7303 11 2919 85895 506 12805 220 24 20 29922 13 1061 369 1521
PROMPT_IDS 3 760 5187 92068 43687 55877 5134 421
GEN_IDS 3 303 264 1245 20837 11 279 9057 314 279 2984 314 279 9460 63414 784 318 1719 3008 13600 279 1245 8937 8 369 5951 310 279 2542 314 279 30308 314 279 27396 314 279 975 1330 10744 13 1061 4864 369 12917 430 393 64 61
PROMPT_IDS 4 623 220 16 24 21 24 11 12313 1118 14428 383
GEN_IDS 4 279 17257 11 321 303 220 16 24 22 15 11 279 1118 19820 22486 557 11291 13 733 220 16 24 22 16 11 279 1118 19820 22486 557 11291 13 733 220 16 24 22 17 11 279 1118 19820 22486 557 11291 13 733 220
PROMPT_IDS 5 32 9944 1324 369 264 5629 1324
GEN_IDS 5 6826 1056 220 16 421 682 874 6572 3319 39852 975 1056 220 16 321 4924 13 11747 411 7044 11 7995 3315 220 16 11 15 15 15 11 15 15 15 11 15 15 15 11 15 15 15 11 15 15 15 11 15 15
ORACLE_TOKENS_OK 6
